0 1,13 51,341 769,867 1 
-3 -1,45 55,6203 772,754 1 
-5,6 -1,99 78,87 764,933 7 
-8 -0,4 88,568 779,873 4 
-7 0,41 66,047 758,4180 7 
-12 -3,43 72,08 763,89 5 
-19 -5,3 51,09 750,028 2 
-9 -2,4 56,749 771,587 2 
-5 -1,94 73,031 774,274 1 
-8 7,53 78,99 770,802 2 
-19 -4,88 82,6744938235146 768,935848636988 1 
-14 -4,88 80,11 771,941 5 
-5 5,2575 77,094 751,541 2 
-15 -2,4022 78,8383 755,226 5 
-20 -3,0143 59,78493 769,833 4 
-19 6,7749 73,6809 754,61 0 
-14 0,6954 84,351 755,623 5 
-18 -2,62976 65,84830 772,805 5 
9,1 1,2369 67,4947 779,906 2 
10,0 2,8947 70,976 764,74 3 
15,04 -3,278 72,0245 750,136 2 
17,31 6,4468 56,22970 752,483 2 
-17,45 1,2329 73,9601 769,6597 0 
-14,89 7,3757 69,5968 759,1283 3 
-12,9 6,6545 88,431 764,173 3 
-13,4 5,4251 59,909 761,34348 1 
-10,61 -1,0911 54,0263 771,8961 3 
-12,68 7,43624 84,1699 777,208 7 
-6,111 -4,96591 62,537 763,232 7 
-17,705 7,2509 81,281 777,5482 5 
-12,29 -4,45407 58,8049 751,2521 7 
